    Eval 1  Eval 2  Eval 3  Eval 4  Eval 5  Var
1        7       8       8       9       8  0.5
2        9       7       7       8       8  0.7
3        9       8       8       9       8  0.3
4       10       9       9      10       9  0.3
5        9       7       7       8       8  0.7
6        9       7       7       7       7  0.8
7       10       8       6       8       9  2.2
8        9       6       7       9       7  1.8
9        8       8       8       8       8  0.0
10      10       9       9       9       9  0.2
